class 2
[0.0022586467675864697, 0.0010231544729322195, 0.4480827748775482, 0.11126836389303207, 3.5472163290251046e-05, 0.013175172731280327, 0.017483802512288094, 0.24716487526893616, 0.07492107152938843, 0.0002270148106617853, 0.005486023612320423, 0.04771396145224571, 0.031159717589616776]
2
 
class 3
[0.005216659512370825, 0.036891236901283264, 0.055063072592020035, 0.8569852709770203, 0.0001507220440544188, 0.0005781856016255915, 0.000274858670309186, 0.0007224878063425422, 0.0003275808703619987, 1.3093052984913811e-05, 0.011440371163189411, 0.03079482913017273, 0.0015417290851473808]
3
 
class 4
[2.1178337192395702e-05, 0.0001787688524927944, 0.00011082145647378638, 1.3805368325847667e-05, 0.9806466102600098, 0.00041887525003403425, 0.00010475647286511958, 0.000238963111769408, 1.4684755115013104e-05, 0.00020258902804926038, 0.002652105176821351, 0.015205739066004753, 0.00019110777066089213]
4
 
class 5
[0.003780888859182596, 0.009044749662280083, 0.0009913224494084716, 0.002143409801647067, 0.00407642824575305, 0.8736172318458557, 0.00784912146627903, 0.0007640180410817266, 0.0016994361067190766, 0.003104833187535405, 0.0647747740149498, 0.02246646024286747, 0.005687582306563854]
5
 
class 6
[0.03279279172420502, 0.12783245742321014, 0.05866019427776337, 0.03151017799973488, 0.00498844962567091, 0.05629502609372139, 0.4105970561504364, 0.0638028010725975, 0.003333793953061104, 0.018085435032844543, 0.0562780424952507, 0.10052502900362015, 0.03529873862862587]
6
 
class 7
[0.023018112406134605, 0.015533115714788437, 0.02868354320526123, 0.03535176068544388, 0.007316261064261198, 0.0075444914400577545, 0.05085383355617523, 0.20786716043949127, 0.19818028807640076, 0.05150612071156502, 0.1675579845905304, 0.1911163032054901, 0.015471008606255054]
7
 
class 8
[0.01087187509983778, 0.003186597488820553, 0.00294401403516531, 0.0033750550355762243, 0.005557206925004721, 0.008171322755515575, 0.004034553188830614, 0.001582333236001432, 0.5290923714637756, 0.004741477780044079, 0.13450631499290466, 0.2901013493537903, 0.0018355334177613258]
8
 
class 9
[0.0004355202545411885, 0.00228324206545949, 2.7762931495090015e-05, 4.144072227063589e-05, 0.00016199728997889906, 0.0014340829802677035, 0.0005178576684556901, 0.020064573734998703, 0.0023405023384839296, 0.960820734500885, 0.0020959489047527313, 0.005354135762900114, 0.0044222245924174786]
9
 
class 10
[1.6335890904883854e-05, 3.5530049444787437e-06, 2.0364834654174047e-06, 4.394850293465424e-06, 1.3084893453196855e-06, 1.268939058718388e-06, 4.3740983528550714e-06, 1.9775082193973503e-07, 3.0030043944861973e-06, 3.028628725587623e-07, 0.9999372959136963, 1.9543615053407848e-05, 6.330890300887404e-06]
10
 
class 11
[5.139282848176663e-07, 1.1973887694693985e-06, 1.0987909035975463e-06, 6.960478913242696e-06, 1.6123840396176092e-07, 4.915064891974907e-06, 4.451047743714298e-07, 1.2918147831442184e-06, 3.3492717648186954e-06, 1.8653170172910905e-06, 2.9567439923994243e-05, 0.9999351501464844, 1.3486422176356427e-05]
11
 
class 12
[0.030553482472896576, 0.033519238233566284, 0.018344203010201454, 0.06566591560840607, 0.001580077689141035, 0.11809078603982925, 0.08687892556190491, 0.04123709350824356, 0.014227458275854588, 0.009257804602384567, 0.02250470034778118, 0.19843809306621552, 0.3597022294998169]
12
 
