 55 55 17 03 06 E8 03 01 C4 09 02 DC 05 03 4D 02   UU...?.?.?.M..?.
 04 F4 01 05 F4 01 06 C4 09 55 55 17 03 06 E8 03   ?.?UU...?....?..
 01 14 06 02 DC 05 03 17 07 04 FF 01 05 3B 06 06   ....;..?UU...?.
 C4 09 55 55 17 03 06 E8 03 01 C4 09 02 DC 05 03   ?.?......;..?UU
 17 07 04 FF 01 05 3B 06 06 C4 09 55 55 17 03 06   ...?.?.?.M..?.?.
 E8 03 01 C4 09 02 DC 05 03 4D 02 04 F4 01 05 F4   ?UU...?.?.?.M..?
 01 06 C4 09 55 55 17 03 06 E8 03 01 C4 09 02 DC   .?.?..?.?.?UU...
 05 03 4D 02 04 F4 01 05 F4 01 06 DC 05            ?....?......


55 55 17 03 06 E8 03 01 C4 09 02 DC 05 03 4D 02 04 F4 01 05 F4 01 06 C4 09 
55 55 17 03 06 E8 03 01 14 06 02 DC 05 03 17 07 04 FF 01 05 3B 06 06 C4 09 
55 55 17 03 06 E8 03 01 C4 09 02 DC 05 03 17 07 04 FF 01 05 3B 06 06 C4 09 
55 55 17 03 06 E8 03 01 C4 09 02 DC 05 03 4D 02 04 F4 01 05 F4 01 06 C4 09 
55 55 17 03 06 E8 03 01 C4 09 02 DC 05 03 4D 02 04 F4 01 05 F4 01 06 DC 05

55 55 17 03 06 E8 03 01 C4 09 02 DC 05 03 4D 02 04 F4 01 05 F4 01 06 DC 05
// Reset