class 2
[1.0773522352014453e-10, 0.9999532699584961, 2.6636378606781363e-05, 2.1069459421596548e-07, 1.4625250344124652e-07, 4.0691787717150874e-08, 5.819692887598649e-06, 5.415702553079882e-09, 1.3999706283129854e-08, 4.496292831390747e-07, 1.1772504876716994e-05, 1.712888433758053e-06]
1
 
class 3
[1.8223754727486607e-09, 0.0004946652334183455, 0.9993308782577515, 2.5219237613782752e-06, 5.290758781484328e-05, 6.428707024497271e-07, 1.699680524325231e-06, 6.105457487137755e-06, 4.759689886668639e-08, 3.87641512133996e-06, 6.899477011756971e-05, 3.794102667598054e-05]
2
 
class 4
[2.953515604531276e-06, 1.5071355846885126e-05, 9.372911881655455e-05, 0.7915586233139038, 0.0007649488397873938, 0.012932002544403076, 0.0004944965476170182, 0.01300282683223486, 0.017932970076799393, 0.00022810899827163666, 0.16200895607471466, 0.0009653858141973615]
3
 
class 5
[3.355415174155496e-06, 1.7566204405738972e-05, 0.00019489099213387817, 0.0008404080872423947, 0.9912850260734558, 0.0016942784423008561, 0.00018958965665660799, 0.001550159533508122, 0.00098998355679214, 0.00028510327683761716, 7.813960110070184e-05, 0.0028713804204016924]
4
 
class 6
[6.258611620069132e-07, 3.607465623645112e-05, 0.00046795379603281617, 0.007341565564274788, 0.0005279062897898257, 0.9899858236312866, 0.00031354298698715866, 0.000421214266680181, 0.00014952516357880086, 6.854978710180148e-05, 0.0005449695745483041, 0.00014218577416613698]
5
 
class 7
[4.057838509652356e-09, 3.1212457543006167e-06, 7.423850092891371e-06, 9.101688192458823e-06, 1.0370852123742225e-06, 8.233761946030427e-06, 0.9996922016143799, 0.00021611148258671165, 3.0337064345076215e-06, 1.9024304265258252e-06, 3.8583893910981715e-05, 1.9251630874350667e-05]
6
 
class 8
[2.8854867650807137e-07, 7.015609071459039e-07, 0.0005602732999250293, 0.0010527680860832334, 3.7158803024794906e-05, 9.799008694244549e-05, 0.0002597443526610732, 0.9958439469337463, 0.00018581972108222544, 2.4867429601727054e-05, 0.0017874856712296605, 0.0001491220755269751]
7
 
class 9
[4.630967112007056e-07, 6.68619031785056e-06, 1.380274852635921e-06, 0.00015725262346677482, 0.001333668944425881, 0.00020487967412918806, 0.00038784692878834903, 0.001808977802284062, 0.988021731376648, 2.6180139684583992e-05, 0.0003839896817225963, 0.007666922174394131]
8
 
class 10
[1.8039255422763745e-08, 2.4147215071934625e-07, 2.7972514544671867e-06, 8.275013897218741e-06, 7.2618727244844195e-06, 0.00011437333887442946, 8.941848932408902e-07, 0.00013535322796087712, 2.8214484700583853e-05, 0.9992464780807495, 0.0004366626963019371, 1.941838490893133e-05]
9
 
class 11
[1.7446863953551883e-09, 2.9194742978688737e-07, 1.2485324077715632e-05, 7.081762731786512e-08, 1.339633470820445e-08, 1.2722319979729946e-06, 9.993132152885664e-07, 0.0002104944287566468, 1.423464482286363e-06, 4.710103439720115e-06, 0.9997537732124329, 1.4379663298313972e-05]
10
 
class 12
[2.9728923323091294e-08, 9.590676199877635e-06, 0.00025020065368153155, 5.129340024723206e-06, 1.4309061953099445e-05, 0.00024781053070910275, 3.840597128146328e-05, 0.00032290176022797823, 4.3192074372200295e-05, 2.020707142946776e-05, 0.0015639106277376413, 0.9974843263626099]
11
 
