case 2
[7.779191245164963e-13, 8.090279002281875e-10, 2.1591740733128972e-05, 5.959009730105436e-09, 0.9999758005142212, 4.9521858613843506e-08, 1.3561918876803247e-07, 2.534334498704993e-06, 6.154234899469202e-09, 1.9829732522680388e-08, 4.2618059081789283e-10, 2.7232463506443594e-10]
4
 
case 3
[1.2983878416861216e-09, 1.1461714848337579e-06, 0.00014317515888251364, 6.612026481889188e-05, 0.0014060274697840214, 0.998211145401001, 6.553852017532336e-06, 0.00016450765542685986, 2.3055679321259959e-07, 5.600945769401733e-07, 5.405231036093028e-07, 1.4783190671607827e-08]
5
 
case 4
[2.889914618720013e-08, 8.150737812684383e-06, 0.01953328773379326, 0.00021410605404525995, 7.282566457433859e-06, 3.1712759209767682e-06, 0.9748875498771667, 0.0012534114066511393, 0.0004051714495290071, 9.922934623318724e-06, 0.001283703837543726, 0.0023942647967487574]
6
 
case 5
[2.982859541589278e-06, 0.00022153880854602903, 0.0025596527848392725, 0.002488575642928481, 0.00019831262761726975, 9.441294969292358e-05, 0.0019234404899179935, 0.9703258872032166, 0.011100566014647484, 0.0001886724348878488, 0.009565435349941254, 0.0013304509920999408]
7
 
case 6
[2.885549132969345e-09, 1.4727055486218887e-07, 1.9136421087750932e-06, 3.1436182325705886e-05, 2.454148898323183e-06, 8.50727474244195e-07, 6.076177214708878e-07, 0.0002914663346018642, 0.999653697013855, 5.274740715321968e-07, 1.411388711858308e-05, 2.829274990290287e-06]
8
 
case 7
[6.11679161011125e-06, 5.783273445558734e-05, 0.000655722338706255, 0.01748483069241047, 0.000995688489638269, 0.0002620270533952862, 9.645294630900025e-05, 0.004673541523516178, 0.8424120545387268, 0.009660834446549416, 0.11689912527799606, 0.0067957197315990925]
8
 
case 8
[2.148519513411884e-07, 0.00010485093662282452, 0.0004482434887904674, 0.0010295240208506584, 1.1229992196604144e-05, 9.83913050731644e-05, 0.0002311861899215728, 0.00029683703905902803, 0.0003306852013338357, 2.977816438942682e-05, 0.9964630007743835, 0.0009561122860759497]
10
 
case 9
[1.8546549540587876e-07, 7.087236099323491e-06, 0.001125528709962964, 0.0034921597689390182, 3.307018050691113e-05, 4.904907200398156e-06, 0.0002852896286640316, 0.0017899818485602736, 0.000981424585916102, 0.00029004274983890355, 0.002599752740934491, 0.9893905520439148]
11
 
case 10
[3.1345456363851554e-07, 0.9969027638435364, 0.0008363832603208721, 0.0001399569446220994, 1.5427045582327992e-05, 1.6171554307220504e-05, 0.001016664202325046, 0.0006809094920754433, 0.00016932077414821833, 1.9068816982326098e-05, 0.00010612327605485916, 9.674353350419551e-05]
1
 
case 11
[3.3373459551455653e-10, 2.1385185391409323e-06, 0.9998090863227844, 8.337703184224665e-05, 1.202945441036718e-06, 8.28178963274695e-06, 2.3191978471004404e-06, 2.9330736651900224e-05, 4.98465351483901e-06, 1.2735132770558266e-07, 5.867968502570875e-05, 5.564849061556743e-07]
2
 
case 12
[2.8930095652413e-08, 8.580946087022312e-06, 9.963137563318014e-05, 0.9992446899414062, 1.2953284567629453e-05, 0.00014611340884584934, 6.258013399929041e-06, 1.009885727398796e-05, 0.0003876783302985132, 5.8940281633113045e-06, 4.165943755651824e-05, 3.626839315984398e-05]
3
 
